     0
     0
     0
     0
     0
     0
     0
     0
     0
     0
     0
     0
     0
     0
     0
     0
     0
     0
     0
     0
     0
     0
     0
     0
     0
     0
     0
   203
    43
    50
   129
     0
     0
     0
     0
   160
     0
     0
     0
     0
     0
     0
     0
    35
    11
     0
    14
     0
    16
    40
    27
     0
    15
     0
     0
     0
     0
     0
    59
     0
     0
     0
     0
     0
     0
     0
     0
     0
     0
     0
     0
     7
     0
     0
     7
    11
     1
     0
     0
     4
    28
     0
    26
     0
     0
    13
   400
     0
     0
     0
     0
     0
     0
     0
     0
     0
     0
     0
     0
     0
     0
     0
     0
     0
     0
     0
     0
     0
     0
     0
     0
     0
     0
     0
     0
     0
     0
     0
     0
     0
     0
     0
     0
    62
    21
   165
    97
     0
     0
    22
     0
     0
     0
     0
     0
     0
     0
     0
     0
     3
     0
     0
     0
   228
    35
    20
    51
     0
     0
     0
     0
     0
     0
     0
     0
     0
     0
     0
     0
     0
     0
     0
     0
     0
     0
     0
     0
     0
     0
     6
     0
     0
     6
     0
    21
    18
     0
     0
     0
     0
     0
    32
     0
     0
     0
     0
     0
     0
     0
     0
     0
     0
     0
     0
     0
     0
     0
     0
     0
     0
     0
     0
     0
     0
     0
     0
     0
     0
     0
     0
     0
     0
     0
     0
     0
     0
     0
     0
     0
    14
    25
   186
    13
     0
     0
     0
     0
     0
     0
     0
     0
     0
     4
     0
     0
     0
     0
     0
     0
    34
     0
     8
   178
    31
    22
     0
     0
     0
     0
     0
     0
     0
     0
     0
     0
     0
     0
     0
     0
     0
     0
     0
     0
    30
     0
     0
     0
    32
     0
     0
     0
    12
    19
     6
     0
     0
    21
     6
     0
     0
     0
     0
     0
     0
     0
     0
     0
     0
     0
     0
     0
     0
     0
     0
     3
     0
     0
     0
     0
     0
     0
     0
     0
     5
     0
     0
     0
     0
     0
     0
     0
     0
     0
     0
     0
    47
    16
    51
    88
     0
     0
     0
     0
     0
     0
     5
     0
     0
     0
     0
     0
     0
     0
     7
     0
    14
     0
   177
     0
     0
     0
     0
     0
     0
     0
     0
     0
     0
     0
     0
     0
     0
     0
     0
     0
     0
     0
     0
     0
     0
    13
     8
     0
     2
     0
     0
     1
     0
     0
     0
     0
    28
    28
     0
     7
     0
     0
     0
     0
     0
     0
     0
     0
     0
     0
     0
     0
     0
     0
     0
     0
     0
     0
     0
     0
     0
     0
     0
     0
     0
     0
     0
     0
     0
     0
     0
     0
     0
     0
     0
     0
    81
    78
    92
    23
     0
     0
     0
     0
     0
     0
     0
     0
     0
     0
     0
     0
     0
     7
     0
     0
     0
    27
     0
     0
     0
     0
     0
     0
     0
     0
     0
     0
     0
     0
     0
     0
     0
     0
     0
     0
     0
     0
     0
    24
     0
     0
     0
     0
     0
    35
     0
     0
     0
     0
    10
     0
    27
     1
     0
     0
     0
     0
     0
     0
     0
     0
     0
     9
     0
     0
    16
     0
     0
     0
     0
     0
     0
     0
     0
     0
     0
     0
     0
     0
     0
     0
     0
     0
     0
     0
     2
     0
     0
     0
     0
     0
   209
    14
    40
    27
    26
   400
    40
     0
     0
     0
     0
     0
    22
     0
     0
     0
     0
     0
    18
     0
    10
     0
    22
     0
     0
     6
    13
     0
     0
     0
     0
     0
    11
     9
    15
    29
     0
     0
     0
    12
     0
     0
     0
     0
     0
     0
     0
     0
     0
     6
     0
     0
     0
     0
     0
    16
     0
     0
   160
     0
     5
     0
    19
     7
     0
     0
     0
     0
     0
     0
     0
     0
     0
     0
     0
    10
     0
     0
     0
     0
     0
     0
     0
     0
     0
     0
     0
     0
     0
     0
     0
     0
     0
     0
     0
     0
    40
    30
     0
     0
     6
    24
    53
   164
     0
     0
     0
    26
     0
     0
     0
     9
     0
     0
     0
     0
     0
     0
     0
     0
     0
     0
     0
     0
     0
     0
     0
     0
    12
    17
    28
    19
    29
    15
    51
     5
     0
     0
     0
    12
   158
     0
     0
     9
     0
     0
     0
     0
     0
     0
    18
     0
    21
    12
     0
     0
     5
     0
     4
     0
     0
     0
     0
     0
     0
     0
     0
     0
     0
     0
     0
     0
     0
     0
     0
     0
     0
     0
     0
     0
     0
     0
     0
     0
     0
     0
     0
     0
     0
     0
     0
     0
   339
    57
    46
    34
     0
     0
     0
     0
     0
     0
     0
     0
     0
     0
     0
     0
     0
     0
     0
     0
    30
    11
    10
     0
     0
     0
     0
     0
     0
     0
     0
     0
     0
     5
     0
     0
     0
     0
     0
     0
     0
     0
     0
     0
     0
   164
     0
     0
     0
     0
     7
     0
     0
     0
     0
     0
     0
     0
     0
     7
     0
     0
     0
     0
   168
     0
     0
     0
     0
     0
     0
     0
     0
     0
     0
     0
     0
     0
     0
     0
     0
     0
     0
     0
     0
     0
     0
     0
     0
     0
     0
     0
     0
     0
     0
     0
   144
     5
    53
    23
     0
     0
   182
     0
     0
     0
     0
     0
     0
     0
     0
     1
     0
     0
     0
     0
     5
   217
     0
    33
     0
     0
     0
     0
     0
     0
     0
     0
     0
    10
     0
    18
     0
     4
     0
     0
     0
     0
     0
     0
     0
     0
    26
     3
     0
    23
     0
     0
     0
    19
     0
     0
     0
    27
     0
     9
     0
     0
     0
     0
     0
     0
     0
     0
     0
     0
     0
     0
     0
     0
     0
     0
     0
     0
     0
     0
     0
     0
     0
     0
     0
     0
     0
     0
     0
     0
     0
     0
     0
     0
     0
     0
    29
    25
    27
    17
     0
     0
     0
     0
     0
     4
     0
     0
     0
     0
     0
    31
     0
     0
     0
     0
     6
    15
     0
     0
     0
     0
     0
     0
     0
     0
    28
     3
     0
     0
     0
     0
     0
     0
     0
     0
     0
     0
     0
     0
     0
     0
     0
     0
     0
    14
   167
     5
    19
     0
    25
   163
   166
     0
     0
     4
     0
     0
     0
     0
     0
     0
     0
     0
     0
